31,tcp,S2,82,19,0,129,185,145,46,0,231,87,6405,time,62241,19422,59275,54528,478,0,1,106,363,0,0.63,0.18,0.66,29989,12081,149,235,56,406,0.78,0.72,0.21,307,171,0.57,0.26,0.3,0.77,0.42,0.54,0.11,0.27,normal
2,tcp,SF,61,157,0,246,116,113,196,1,178,30,49021,urh_i,2759,78322,60054,23971,430,1,0,295,64,0,0.42,0.75,0.62,16952,47344,470,371,8,170,0.42,0.28,0.89,109,442,0.19,0.07,0.65,0.77,0.94,0.9,0.08,0.31,normal
238,icmp,RSTR,68,63,0,90,96,97,181,1,226,19,41955,ctf,22308,83956,91038,34225,386,1,1,755,818,0,0.65,0.47,0.2,5800,54872,361,265,284,122,0.28,0.16,0.07,971,560,0.19,0.44,0.06,0.51,0.29,0.22,0.51,0.7,unsuccessful-user
197,icmp,S0,149,5,1,70,160,40,203,1,123,154,87126,netbios_dgm,44489,67449,79173,58023,628,0,1,700,894,0,0.28,0.2,0.74,29706,21834,162,378,24,56,0.74,0.63,0.72,802,492,0.81,0.1,0.6,0.86,0.15,0.48,0.04,0.63,normal
162,icmp,S1,66,202,0,179,36,163,251,0,63,109,22103,pm_dump,14438,60902,47171,58565,203,0,0,115,175,0,0.25,0.73,0.66,25293,32896,341,196,258,327,0.48,0.2,0.1,731,649,0.54,0.87,0.44,0.82,0.83,0.03,0.16,0.77,normal
104,tcp,OTH,224,216,1,212,88,216,225,1,130,42,73975,shell,82010,29278,66556,91308,430,1,0,670,503,0,0.58,0.09,0.79,6015,45493,18,153,289,125,0.91,0.09,0.57,95,309,0.38,0.24,0.69,0.29,0.29,0.68,0.41,0.96,normal
211,icmp,S0,250,50,0,128,105,237,205,1,57,98,27086,pop_2,62422,85341,39455,10851,186,1,0,348,748,0,0.72,0.27,0.22,21057,30234,103,385,182,386,0.07,0.68,0.63,818,419,0.92,0.79,0.15,0.77,0.96,0.36,0.43,0.84,suspicious-filename-detect
88,tcp,S2,24,121,0,63,192,155,75,1,9,29,82920,uucp,85713,71700,94162,81004,109,1,1,58,970,0,0.55,0.75,0.13,19907,20335,215,267,183,67,0.53,0.47,0.73,754,61,0.9,0.98,0.22,0.08,0.03,0.92,0.44,0.76,normal
92,icmp,S2,143,61,1,165,5,41,61,0,203,38,75819,harvest,40298,10251,66677,77406,337,0,1,426,280,0,0.12,0.86,0.68,17559,5380,261,123,337,161,0.65,0.3,0.16,747,422,0.62,0.11,0.29,0.33,0.4,0.88,0.27,0.69,normal
147,udp,RSTR,72,255,0,217,221,5,175,0,82,66,6568,red_i,22009,85724,83542,78561,518,0,0,330,238,0,0.88,0.26,0.13,35517,16535,24,57,139,414,0.12,0.91,0,97,520,0.18,0.29,0.13,0.11,0.85,0.86,0.65,0.29,normal
250,icmp,S1,185,64,0,65,174,135,2,1,254,134,34409,courier,22681,81496,64825,6218,653,1,0,546,107,0,0.97,0.65,0.67,41665,26865,462,66,124,218,0.1,0.29,0.54,849,344,0.65,0.66,0.28,0,0.53,0.01,0.54,0.5,normal
225,icmp,S0,107,196,1,116,199,193,25,1,23,57,94534,gopher,68219,7944,58803,90489,74,1,1,820,695,0,0.68,0.85,0.03,4373,44065,188,36,313,13,0.92,0.49,0.38,142,684,0.52,0.62,0.35,0.62,0.69,0.26,0.65,0.44,normal
224,tcp,OTH,127,14,1,139,168,117,72,0,175,84,87778,http_8001,78932,55283,29517,77480,453,0,0,760,388,0,0.6,0.31,0.14,10437,40160,465,394,297,230,0.79,0.19,0.56,924,889,0.25,0.76,0.23,0.5,0.76,0.59,0.94,0.08,normal
176,udp,RSTR,193,194,0,138,212,206,39,0,173,149,7873,nntp,43068,34045,52717,41837,274,1,0,768,877,0,0.94,0.9,0.42,21405,30832,122,391,155,401,0.07,0.72,0.35,431,34,0.88,0.37,0.99,0.89,0.72,0.78,0.29,0.65,normal
123,tcp,RSTR,99,136,1,76,20,141,91,1,6,147,84705,bgp,39515,58534,39511,67529,393,1,1,220,868,0,0.38,0.28,0.26,29036,25822,359,305,214,1,0.78,0.71,0.24,166,477,0.37,0.43,0.25,0.21,0.1,0.11,0.78,0.05,normal
164,udp,RSTO,194,157,0,166,129,228,238,1,225,88,48531,gopher,3426,42313,95940,58153,28,0,0,897,686,0,0.67,0.75,0.89,9334,63192,87,153,302,87,0.61,0.65,0.87,823,843,0.15,0.57,0.39,0.3,0.33,0.53,0.88,0.6,unusual-client-port-connection
182,udp,S1,63,177,0,188,10,245,90,0,60,149,97488,whois,72484,61705,73607,32191,475,0,0,867,152,0,0.52,0.3,0.08,22462,59015,276,83,288,420,0.31,0.59,0.74,555,729,0.04,0.46,0.25,0.75,0.83,0,0.63,0.02,system-call-detect
92,udp,S2,99,236,1,65,91,32,79,0,9,19,33739,smtp,10046,41124,64729,58860,571,1,1,792,996,0,0.99,0.88,0.7,5659,52518,233,173,311,356,0.55,0.17,0.9,215,953,0.41,0.5,0.47,0.56,0.42,0.84,0.67,0.51,non-standard-protocol
18,tcp,OTH,10,225,0,242,166,54,33,1,199,145,46814,http_443,87994,12688,6102,37021,652,0,1,332,639,0,0.69,0.35,0.06,7260,41212,5,275,88,399,0.43,0.5,0.82,8,653,0.56,0.67,0.01,0.38,0.09,0.09,0.49,0.62,normal
227,tcp,S2,26,167,1,253,174,100,40,1,236,48,9772,nntp,45134,9576,30454,2849,386,0,0,600,668,0,0.1,0.79,0.85,32121,1663,139,62,329,192,0.83,0.24,0.87,570,798,0.39,0.22,0.03,0.2,0.92,0.27,0.73,0.34,normal
220,icmp,S1,168,85,1,96,52,205,249,0,2,142,82730,supdup,73996,92896,95963,1476,121,0,0,578,507,0,0.17,0.21,0.94,64603,63527,497,257,2,263,0.04,0.94,0.4,868,765,0.15,0.99,0.65,0.17,0.7,0.88,0.12,0.15,rpc-portmap-decode
172,tcp,OTH,79,134,0,5,216,154,53,0,19,109,26082,ntp_u,10054,42525,8755,10232,551,0,1,357,954,0,0.25,0.53,0.07,40236,52763,10,147,389,268,0.82,0.73,0.51,312,148,0.4,0.73,0.87,0.89,0.02,0.71,0.69,0.71,normal
69,icmp,OTH,240,125,0,190,6,163,159,1,183,85,9100,courier,69778,38818,11664,71808,254,0,0,172,183,0,0.41,0.83,0.75,40413,25542,335,329,371,400,0.1,0.23,0.04,34,990,0.09,0.02,0.48,0.8,0.9,0.47,0.6,0.19,tcp-connection
73,udp,S2,27,218,0,10,157,226,243,1,68,20,3825,ftp_data,63706,15553,74112,74135,260,1,0,905,731,0,0.77,0.95,0.25,59791,29295,390,57,184,161,0.75,0.76,0.03,136,617,0.17,0.76,0.77,0.16,0.49,0.28,0.23,0.48,normal
96,udp,S2,56,143,1,23,172,29,49,1,89,55,57815,link,30333,75697,41753,25228,403,0,0,79,974,0,0.09,0.11,0.61,2325,28824,153,78,221,480,0.22,0.79,0.32,695,890,0.89,0.72,0.34,0.34,0.29,0.71,0.49,0.6,normal
251,icmp,RSTR,134,190,1,115,15,32,184,0,225,140,83141,telnet,21333,29585,87794,31923,73,1,1,920,724,0,0.39,0.4,0.13,12499,46184,179,95,319,51,0.92,0.61,0.85,913,58,0.76,0.99,0.89,0.87,0.12,0.27,0.63,0.34,normal
161,icmp,S1,54,230,1,161,248,194,50,1,114,60,87751,urp_i,52740,89872,72945,44905,116,0,1,55,315,0,0.15,0.06,0.04,35253,35032,152,217,364,440,0.1,0.03,0.52,162,388,0.02,0.83,0.62,0.5,0.31,0.19,0.94,0.74,attempted-user
37,icmp,S3,199,94,0,99,104,123,152,1,87,33,4248,nntp,43685,38086,84038,54373,78,0,0,965,84,0,0.59,0.33,0.64,55994,34424,163,355,7,17,0.76,0.46,0.26,224,837,0.59,0.37,0.71,0.4,0.01,0.19,0.66,0.79,normal
107,tcp,S3,19,169,1,18,173,91,196,0,9,111,95359,tim_i,73803,59040,62211,12339,181,0,0,728,767,0,0.71,0.52,0.15,29034,5218,428,261,168,320,0.63,0.89,0.34,798,691,0.03,0.5,0.3,0.83,0.47,0.39,0.58,0.59,normal
222,icmp,S0,218,236,1,71,69,126,67,1,70,40,97817,pop_2,64724,71315,64388,63879,470,1,0,51,128,0,0,0.04,0.77,18428,51806,396,150,351,13,0.63,0.29,0.86,285,104,0.64,0.02,0.26,0.38,0.34,0.1,0.02,0.33,normal
5,udp,REJ,140,49,0,247,137,169,31,1,68,73,51335,printer,75365,37345,38422,69918,274,0,0,480,227,0,0.59,0.5,0.72,13548,1918,218,360,158,122,0.77,0.4,0.58,353,111,0.08,0.57,0.71,0.97,0.16,0.46,0.72,0.38,normal
244,tcp,S1,1,211,1,47,134,7,196,1,175,131,53573,netstat,47697,39901,14223,39080,568,1,0,446,445,0,0.92,0.79,0.96,5504,22819,367,301,297,163,0.1,0.74,0.5,406,978,0.48,0.68,0.43,0.75,0.15,0.77,0.26,0.93,normal
65,icmp,S2,182,54,0,43,106,14,204,1,110,134,37498,uucp_path,74508,61039,71774,72911,405,0,1,690,827,0,0.95,0.86,0.67,45473,38590,118,229,84,175,0.74,0.46,0.19,230,60,0.03,0.31,0.61,0.14,0.76,0.29,0.97,0.37,normal
158,icmp,OTH,137,223,0,145,116,142,65,1,69,30,11930,exec,40078,4283,44249,97326,355,0,1,462,662,0,0,0.41,0.89,44772,54631,38,341,129,286,0.12,0.86,0.21,431,150,0.38,0.36,0.74,0.76,0.78,0.8,0.87,0.96,normal
136,udp,RSTR,96,71,1,245,115,29,175,1,22,4,48699,ldap,7818,94509,54025,25799,427,0,0,491,967,0,0.71,0.83,0.07,56658,23614,467,105,257,356,0.04,0.78,0.83,399,459,0.82,0.18,0.7,0,0.85,0.77,0.6,0.48,normal
104,icmp,SH,182,246,0,242,119,26,128,1,183,104,61642,echo,23867,31786,35660,94549,593,1,1,819,699,0,0.9,0.94,0.27,48236,35207,368,293,163,398,0.36,0.27,0.69,267,444,0.81,0.68,0.83,0.6,0.57,0.12,0.09,0.09,normal
186,icmp,S0,141,129,0,244,22,107,30,0,210,117,16102,discard,46542,18204,57077,49655,641,0,1,314,959,0,0.53,0.54,0.24,28980,64004,197,37,334,199,0.49,0.92,0.17,348,846,0.28,0.57,0.59,0.16,0.44,0.8,0.24,0.86,normal
152,icmp,S1,250,218,0,254,76,234,242,1,234,7,96862,aol,24806,35550,1685,32139,514,0,1,173,924,0,0.78,0.05,0.2,30817,48498,294,320,369,492,0.2,0.75,0.26,646,447,0.68,0.77,0.51,0.39,0.57,0.79,0.6,0.29,inappropriate-content
39,tcp,REJ,42,102,1,3,132,144,36,1,216,133,77943,courier,94827,1928,88022,54323,442,0,1,305,330,0,0.68,0.6,0.41,8559,61346,421,283,261,374,0.15,0.66,0.64,743,416,0.5,0.14,0.01,0.41,0.23,0.24,0.94,0.91,inappropriate-content
9,udp,S3,27,82,0,233,107,172,16,0,82,36,29919,sunrpc,6119,58631,12355,9537,672,0,0,784,228,0,0.82,0.97,0.51,4225,39590,157,323,96,114,0.27,0.49,0.76,603,842,0.36,0,0.95,0.7,0.7,0.98,0.8,0.12,normal
26,udp,S0,160,75,1,91,179,82,94,1,1,153,14499,http_2784,68875,77654,30314,90989,534,1,1,435,341,0,0.49,0.03,0.84,30738,6821,240,246,260,1,0.9,0.57,0.02,234,876,0.75,0.05,0.59,0.62,0.54,0.7,0.7,0.87,normal
20,icmp,RSTR,55,221,1,79,229,165,190,1,131,30,36431,domain,91521,12307,29931,41341,105,1,1,927,494,0,0.46,0.86,0.28,48516,27796,219,235,224,254,0.44,0.59,0.33,609,118,0.94,0.11,0.84,0.16,0.39,0.7,0.65,0.74,normal
155,icmp,OTH,125,31,0,132,171,24,179,1,1,108,78115,rje,33788,49161,49386,77343,587,0,1,915,410,0,0.65,0.09,0.87,34343,21486,214,165,356,94,0.07,0.04,0.39,22,944,0.15,0.07,0.89,0.2,0.08,0.35,0.69,0.19,normal
187,tcp,RSTO,62,191,1,130,69,13,81,0,230,18,49480,vmnet,54140,62673,66301,24081,210,0,1,596,143,0,0.88,0.26,0.5,43213,35455,474,379,201,301,0.67,0.72,0.85,784,76,0.81,0.12,0.25,0.47,0.92,0.15,0.74,0.72,normal
34,icmp,RSTOS0,239,27,1,220,139,250,55,1,141,21,94649,printer,38961,10756,49659,12942,459,1,0,473,139,0,0.82,0.6,0.69,55269,12711,159,72,12,85,0.52,0.5,0.06,921,735,0.27,0.96,0.2,0.26,0.63,0.32,0.18,0.15,successful-user
97,icmp,S2,152,232,0,78,147,100,131,0,20,46,85604,netbios_ns,6324,3767,22707,74848,316,0,1,959,261,0,0.65,0.06,0.36,27034,11762,472,240,79,348,0.85,0.53,0.91,371,573,0.54,0.35,0.72,0.28,0.1,0.83,0.4,0.92,normal
190,udp,RSTR,113,114,0,81,36,89,94,0,190,112,85449,ssh,44612,92717,65305,34558,592,0,0,802,68,0,0.4,0.55,0.15,36379,62913,246,280,237,156,0.21,0.59,0.35,360,733,0.33,0.74,0.52,0.62,0.86,0.14,0.68,0.83,normal
222,tcp,OTH,14,73,0,75,109,120,132,1,236,37,79364,mtp,49812,30128,66213,91506,215,0,0,752,569,0,0,0.8,0.81,64184,4680,158,339,149,311,0.57,0.4,0.78,608,191,0.52,0.61,0.22,0.57,0.81,0.08,0.89,0.55,normal
206,icmp,RSTO,178,244,1,173,65,149,39,0,104,124,28925,pm_dump,61134,32200,77869,23158,193,1,1,892,609,0,0.1,0.38,0.97,58078,898,201,338,321,297,0.71,0.41,0.73,319,888,0.31,0.54,0.45,0.59,0.18,0.14,0.67,0.43,normal
156,udp,SH,98,50,1,47,18,252,85,1,165,29,41780,tim_i,75794,76346,33117,4709,49,1,0,948,320,1,0.75,0.63,0.48,26394,49809,121,357,34,223,0.81,0.02,0.36,374,155,0.05,0.57,0.38,0.05,0.06,0.65,0,0.38,normal
211,icmp,S0,246,251,0,3,188,24,69,1,109,61,64787,netbios_ns,84604,74649,75354,13150,44,1,1,82,989,0,0.53,0.66,0.56,48289,4679,143,182,255,4,0.36,0.35,0.42,417,333,0.6,0.18,0.82,0.27,0.7,0.16,0.22,0.84,denial-of-service
94,tcp,S2,224,31,0,135,22,198,234,0,107,146,28173,netbios_ns,36337,8263,70707,36778,29,1,1,968,423,0,0.75,0.61,0.48,16700,39526,409,274,249,178,0.02,0.09,0.04,127,453,0.32,0.51,0.65,0.19,0.22,0.64,0.06,0.9,normal
181,tcp,OTH,52,3,0,32,34,151,21,0,116,66,58961,supdup,64761,63023,32872,1101,107,1,1,302,296,0,0.02,0.9,0.49,62053,39397,71,277,320,490,0.75,0.95,0.95,325,374,0.37,0.12,0.85,0.88,0.36,0.33,0.79,0.07,normal
33,tcp,S3,173,49,1,33,152,101,247,1,233,130,81412,shell,89649,84322,68949,70096,349,0,1,101,866,0,0.46,0.43,0.52,24384,18236,86,155,199,20,0.84,0.82,0.75,78,112,0.13,0.37,0.38,0.03,0.32,0.24,0.99,0.94,normal
253,udp,REJ,69,155,1,50,51,69,93,1,196,32,54220,urh_i,22929,93139,46803,6599,575,0,1,738,124,0,0.03,0.31,0.91,50515,30698,432,167,68,432,0.99,0,0.1,709,519,0.66,0.81,0.8,0.47,0.13,0.99,0.48,0.38,normal
8,tcp,RSTR,218,104,1,162,1,13,63,0,124,54,81105,sunrpc,78154,66071,62272,27155,429,1,0,36,157,0,0.95,0.08,0.66,48354,47383,52,251,390,296,0.53,0.67,0.78,216,378,0.77,0.4,0.45,0.35,0,0.64,0.02,0.57,normal
3,tcp,S3,215,68,1,124,78,162,208,0,132,143,80250,netstat,38109,44783,60251,89732,110,1,0,902,487,0,0.66,0.52,0.54,5971,59020,177,14,224,299,0.41,0.73,0.36,847,243,0.36,0.07,0.73,0.45,0.66,0.82,0.8,0.39,normal
212,tcp,RSTO,28,167,0,158,165,253,82,1,189,52,50185,sunrpc,34389,19814,57377,35532,651,0,1,325,443,0,0.96,0.3,0.39,9144,37026,216,41,280,385,0.79,0.78,0.81,298,653,0.83,0,0.54,0.5,0.56,0.13,0.22,0.37,normal
39,icmp,OTH,113,124,0,161,255,71,170,1,13,34,9406,supdup,62746,6808,36708,5173,336,0,0,765,718,0,0.37,0.09,0.28,55273,24751,389,281,305,355,0,0.37,0.26,646,461,0.9,0.11,0.19,0.28,0.3,0.61,0.9,0.79,successful-dos
132,udp,S3,146,188,1,117,30,176,82,1,65,94,7831,tftp_u,52199,24487,13256,83920,366,1,0,113,888,0,0.69,0.14,0.15,5200,6032,180,248,134,462,0.55,0.14,0.81,363,103,0.59,0.37,0.69,0.11,0.86,0.65,0.24,0.32,unusual-client-port-connection
170,icmp,S3,38,190,1,54,32,211,182,1,174,53,9111,urh_i,36980,30343,65814,13395,676,0,1,603,371,0,0.64,0.55,0.74,5375,34897,85,278,202,468,0.35,0.84,0.5,427,85,0.95,0.94,0.05,0.55,0.66,0.91,0.27,0.39,normal
186,udp,S1,97,163,0,204,40,45,233,1,246,82,46493,Z39_50,88590,70811,16396,95760,343,1,0,97,336,0,0.79,0.91,0.2,50597,40348,426,254,103,75,0.54,0.47,0.78,396,567,0.18,0.33,0.33,0.19,0.54,0.36,0.05,0.2,normal
246,tcp,S2,9,193,0,48,100,7,21,1,47,86,60124,netbios_dgm,74624,49628,7516,88599,574,0,1,917,631,0,0.68,0.99,0.88,20677,19867,462,247,352,5,0.6,0.28,0.73,629,303,0.98,0.07,0.06,0.72,0.67,0.8,0.76,0.61,normal
150,icmp,SH,59,137,1,101,230,95,44,1,188,145,73885,hostnames,61143,41137,15428,38897,175,1,1,487,70,0,0.3,0.58,0.88,23650,48724,151,156,9,295,0.25,0,0.53,115,935,0.29,0.04,0.52,0.04,0.24,0.51,0.99,0.62,normal
184,tcp,S1,14,214,1,122,28,49,113,1,151,55,90688,ctf,82918,35038,89091,15345,220,1,1,210,862,0,0.08,0.34,0.24,15481,52705,63,239,131,371,0.41,0.56,0.73,424,826,0.04,0.27,0.2,0.33,0.34,0.74,0.67,0.58,normal
93,udp,OTH,171,94,1,191,226,225,72,1,107,146,45596,link,29109,62329,44151,22093,347,1,0,646,75,0,0.34,0.71,0.11,49559,16595,171,80,221,155,0.59,0.23,0.03,141,166,0.92,0.92,0.15,0.61,0.29,0.4,0.02,0.91,normal
233,icmp,SF,93,34,0,129,162,251,208,0,183,28,36122,urp_i,27485,51545,17364,85931,494,1,1,96,97,0,0.95,0.27,0.1,62666,56732,106,145,254,99,0.58,0.94,0.85,302,665,0.68,0,0.55,0.98,0.46,0.68,0.28,0.09,normal
140,udp,SH,108,161,1,62,188,10,89,1,80,7,1485,ftp_data,32175,17655,59179,40054,274,0,0,309,253,0,0.07,0.81,0.13,58101,58451,189,11,371,461,0.9,0.69,0.21,783,400,0.46,0.47,0.48,0.2,0.83,0,0.96,0.64,successful-user
115,icmp,S3,237,2,0,152,160,79,228,0,193,51,4026,private,42110,48281,2991,53332,573,1,1,740,880,0,0.36,0.73,0.12,39458,54452,252,239,209,135,0.2,0.19,0.92,162,907,0.54,0.76,0.07,0.3,0.65,0.38,0.42,0.28,normal
50,udp,OTH,92,229,1,141,166,61,101,0,234,7,76381,netbios_dgm,64938,19237,5642,60822,578,1,0,686,332,0,0.65,0.24,0.8,62730,47376,79,327,342,352,0.11,0.97,0.11,62,678,0.91,0.42,0.92,0.37,0.17,0.67,0.43,0.91,normal
107,tcp,SF,20,87,1,25,160,138,175,0,1,72,26699,echo,27596,15010,72974,66279,683,0,1,812,312,0,0.46,0.96,0.71,8668,3189,488,394,206,30,0.85,0.02,0.28,256,315,0.56,0.73,0.94,0.53,0.51,0.79,0.8,0.98,normal
63,udp,S0,229,65,0,235,243,143,89,0,77,54,36133,tftp_u,80633,89489,40017,53879,50,1,0,25,415,0,0.79,0.64,0.87,36724,65062,6,49,321,443,0.91,0.93,0.29,565,343,0.48,0.8,0.13,0.87,0.7,0.03,0.62,0.95,normal
103,tcp,OTH,29,240,0,79,75,111,93,0,233,36,15358,time,81479,75525,73861,54298,356,1,0,539,971,0,0.96,0.72,0.13,48183,31951,13,326,249,288,0.31,0.44,0.22,614,810,0.55,0.04,0.54,0.69,0.11,0.86,0.46,0.13,normal
36,udp,SH,141,4,1,219,62,170,250,1,247,134,65950,printer,96988,97845,24168,28980,260,0,0,995,100,0,0.12,0.3,0.89,7710,8391,30,72,143,403,0.58,0.36,0.64,600,423,0.88,0.88,0.45,0.13,0.28,0.45,0.68,0.95,normal
94,tcp,OTH,135,231,0,110,233,59,229,1,126,45,4828,urp_i,14043,19997,39005,28985,674,1,1,18,124,0,0.94,0.56,0.6,61291,36614,385,92,96,327,0.62,0.54,0.91,266,956,0.8,0.23,0.43,0.66,0.1,0.76,0.01,0.64,rpc-portmap-decode
45,udp,OTH,118,20,1,137,21,180,56,0,153,114,34554,printer,63378,54654,71549,45814,629,1,1,451,608,0,0.89,0,0.4,60744,13974,407,343,334,92,0.79,0.78,0.82,262,662,0.96,0.52,0.85,0.98,0.69,0.36,0.96,0.91,normal
102,icmp,S1,242,16,1,111,78,124,3,0,226,73,65287,pop_2,81203,95102,1237,68458,369,0,0,11,921,0,0.28,0.08,0,32926,54056,254,254,119,168,0.52,0.65,0.4,139,223,0.77,0.28,0.85,0.32,0.43,0.31,0.43,0.03,normal
145,udp,SH,17,36,1,47,243,12,244,0,148,3,34676,supdup,88022,81782,68563,42617,11,0,1,369,850,0,0.85,0.97,0.9,54228,10136,366,208,276,234,0.72,0.19,0.7,961,810,0.99,0.35,0.82,0.41,0.21,0.1,0.64,0.73,trojan-activity
15,udp,S1,111,62,0,210,117,159,60,0,0,33,54138,pop_3,92864,98099,79481,53729,499,1,1,607,710,0,0.51,0.89,0.13,9758,29062,78,356,77,286,0.89,0.08,0.15,514,562,0.37,0.37,0,0.59,0.45,0.28,0.69,0.18,normal
214,icmp,SF,117,47,0,136,18,230,211,0,136,73,90728,pm_dump,59489,5465,17429,2272,334,0,0,125,487,0,0.12,0.87,0.31,5277,47008,230,268,225,425,0.44,0.33,0.62,400,938,0.1,0.56,0.96,0.31,0.59,0.28,0.25,0.1,successful-recon-limited
140,udp,S0,10,61,1,126,10,0,100,0,186,60,9100,ldap,28183,56544,86335,34848,210,0,0,446,273,0,0.33,0.56,0.5,33632,33248,401,61,199,94,0.34,0.67,0.74,311,528,0.1,0.98,0,0.25,0.05,0.3,0.76,0.44,normal
141,icmp,S3,175,13,1,1,228,224,248,0,182,35,91719,bgp,12299,67216,4042,89339,631,0,0,378,51,0,0.96,0.62,0.6,42966,41315,184,115,178,487,0.8,0.48,0.41,653,954,0.81,0.86,0.62,0.86,0.6,0.42,0.79,0.4,normal
148,icmp,RSTO,79,200,1,236,155,61,21,1,159,62,53311,ecr_i,92604,35385,94830,84701,658,0,1,368,724,0,0.23,0.82,0.04,50754,60538,340,94,14,317,0.48,0.6,0.66,502,151,0.86,0.11,0.68,0.19,0.27,0.34,0.26,0.42,normal
82,icmp,RSTOS0,144,66,1,76,255,40,215,0,55,124,55830,finger,65711,73285,19443,80764,454,1,1,107,667,0,0.9,0.34,0.95,30695,28578,68,47,22,449,0.28,0.16,0.04,417,404,0.04,0.84,0.09,0.14,0.18,0.31,0.77,0.84,normal
111,udp,OTH,1,228,0,228,162,81,76,0,83,45,98661,http_2784,4600,88725,75203,49749,257,1,1,891,322,0,0.59,0.3,0.72,55121,13812,37,154,332,163,0.43,0.36,0.76,382,865,0.08,0.26,0.78,0.46,0.15,0.57,0.55,0.28,normal
171,icmp,RSTOS0,36,98,1,43,176,21,225,1,184,107,56152,name,65361,78480,9270,3982,263,1,1,533,868,0,0.69,0.3,0.08,48679,45990,140,218,166,284,0.01,0.73,0.65,562,683,0.71,0.8,0.17,0.28,0.64,0.26,0.06,0.53,normal
170,udp,S2,116,225,0,48,16,150,16,0,89,91,78032,ftp,96478,71438,85550,62296,344,1,0,515,135,0,0.91,0.62,0.76,64976,18254,421,256,24,317,0.43,0.3,0.78,961,1,0,0.14,0.53,0.91,0.72,0.9,0.69,0.66,normal
171,tcp,SF,17,169,1,140,212,201,13,0,185,100,55978,domain,34102,47548,40061,29761,306,0,1,455,372,0,0.53,0.68,0.52,7750,27364,363,279,13,361,0.33,0.97,0.59,960,505,0.85,0.19,0.66,0.88,0.3,0.39,0.52,0.31,normal
190,tcp,S0,218,210,0,208,135,171,235,0,206,149,15560,urp_i,20957,85872,14340,9977,550,0,0,309,338,0,0.9,0.94,0.78,1841,15761,25,43,120,388,0.46,0.1,0.72,792,922,0.42,0.76,0.73,0.28,0.86,0.65,0.82,0.86,normal
40,icmp,S3,74,23,0,64,191,88,163,0,102,153,49321,ecr_i,85966,90358,35905,48434,370,1,0,658,311,0,0.52,0.94,0.5,18767,34077,429,386,175,102,0.9,0.3,0.46,576,659,0.77,0.94,0.44,0.16,0.35,0.02,0,0.67,normal
43,udp,REJ,150,129,1,122,234,192,129,1,189,135,96165,iso_tsap,54534,20737,27814,36489,491,1,0,782,826,0,0.41,0.53,0.81,16015,14945,218,43,284,138,0.5,0.49,0.32,313,89,0.24,0.23,0.94,0.62,0.08,0.66,0.16,0.36,normal
102,tcp,REJ,75,91,0,49,145,183,127,1,176,35,30996,shell,98833,12425,25386,96553,46,1,0,375,205,0,0.84,0.53,0.55,10582,14730,463,303,389,3,0.55,0.79,0.58,818,769,0.27,0.07,0.39,0.93,0.28,0.62,0.41,0.49,normal
61,icmp,RSTOS0,105,127,0,87,94,105,137,1,80,6,9171,netstat,71043,21396,59317,25228,378,0,0,867,807,0,0.7,0.79,0.43,37112,57694,357,60,257,186,0.71,0.28,0.63,939,956,0.04,0.26,0.7,0.38,0.37,0.77,0.97,0.34,attempted-admin
28,udp,RSTR,60,30,1,197,47,197,220,0,114,0,79027,ldap,2310,64761,56437,87387,524,1,0,588,274,0,0.35,0.97,0.39,55645,50932,353,220,112,67,0.89,0.58,0.4,798,646,0.38,0.81,0.45,0.69,0.89,0.45,0.87,0.93,normal
206,udp,SF,153,138,1,75,58,54,200,1,220,82,78499,imap4,50211,18736,7317,14295,271,1,0,273,345,0,0.45,0.51,0.32,53220,20978,399,370,77,59,0.7,0.07,0.53,575,112,0.25,0.28,0.52,0.42,0.29,0.45,0.87,0.34,normal
24,tcp,S1,18,175,1,112,124,184,217,1,18,65,7145,http,12980,5211,95103,19527,397,1,0,194,68,0,0.98,0.65,0.36,30520,12358,496,94,280,300,0.5,0.4,0.21,951,915,0,0.47,0.17,0.4,0.63,0.63,0.41,0.25,normal
204,udp,OTH,64,238,0,180,35,15,136,0,184,56,24593,vmnet,68915,69554,24455,39539,484,1,0,263,253,0,0.25,0.02,0.93,21313,28036,347,60,103,223,0.83,0.63,0.62,300,106,0.3,0.16,0.94,0.2,0.27,0.87,0.46,0.92,normal
87,icmp,RSTO,175,157,0,38,227,111,120,1,35,76,15053,X11,63119,44132,32730,52956,642,1,1,259,705,0,0.86,0.16,0.99,43045,55989,270,185,222,226,0.95,0.66,0.05,474,181,0.22,0.48,0.67,0.43,0.67,0.28,0.49,0.22,normal
198,icmp,OTH,111,140,0,99,72,207,153,1,54,86,45341,bgp,88359,37410,5716,17936,365,1,0,162,264,0,0.35,0.55,0.95,62661,9027,403,171,245,23,0.07,0.63,0.85,44,963,0.35,0.74,0.58,0.2,0.11,0.48,0.23,0.77,normal
57,tcp,SH,85,210,0,66,137,110,237,0,71,46,74257,systat,88857,36802,6313,77046,655,1,0,729,397,0,0.52,0.25,0.54,6665,61716,48,74,46,295,0.98,0.91,0.1,515,143,0.56,0.93,0.78,0.63,0.49,0.08,0.22,0.9,suspicious-login
191,tcp,SF,27,230,0,189,73,24,141,1,18,35,54190,urp_i,19390,51982,53631,19741,576,1,1,110,725,0,0.38,0.05,0.59,35863,42948,128,140,245,124,0.69,0.55,0.47,798,713,0.25,0.53,0.82,0.56,0.23,0.12,0,0.23,normal
116,icmp,SF,187,108,0,3,188,100,115,1,186,27,95519,uucp,33262,71849,59736,65824,464,1,0,647,85,0,0.5,0.76,0.08,38124,10029,48,63,105,472,0.03,0.47,0.05,307,59,0.24,0.29,0.87,0.41,0.58,0.61,0.93,0.2,normal
221,tcp,S2,20,17,1,47,90,222,198,1,251,78,69647,Z39_50,83785,15783,1264,6684,594,0,0,55,354,0,0.41,0.8,0.43,41307,41126,54,128,41,334,0.61,0.96,0.52,867,123,0.77,0.95,0.23,0.09,0.84,0.09,0.67,0.18,successful-recon-limited
119,icmp,SH,11,127,1,222,254,106,218,1,62,24,75016,urh_i,10385,3775,59605,58675,113,1,0,64,408,0,0.54,0.03,0.32,30423,12732,19,356,192,340,0.16,0.81,0.81,670,475,0.16,0.38,0.31,0.15,0.05,0.65,0.1,0.44,normal
242,icmp,REJ,50,169,1,3,174,193,19,0,4,33,7607,echo,31507,52666,1031,17711,599,0,1,554,853,0,0.19,0.05,0.12,47894,16530,67,2,346,277,0.91,0.66,0.95,59,139,0.04,0.91,0.63,0.23,0.64,0.32,0.83,0.02,normal
155,icmp,S2,97,224,0,36,194,154,154,0,216,110,87356,rje,1147,53054,7372,68760,373,1,0,302,17,0,0.02,0.38,0.48,41024,40847,246,147,352,478,0.72,0.82,0.49,369,59,0.16,0.27,0.1,0.76,0.66,0.68,0.11,0.56,attempted-admin
92,udp,OTH,17,227,1,4,162,254,158,1,92,10,90937,kshell,47897,26139,75991,67936,352,1,0,167,473,0,0,0.16,0.07,32769,29733,494,115,349,392,0.47,0.33,0.82,9,428,0.14,0.74,0.09,0.42,0.98,0.04,0.79,0.13,shellcode-detect
189,tcp,SH,20,11,1,239,120,217,96,1,17,107,7173,netbios_dgm,80238,25506,45820,33016,81,1,1,893,878,0,0.38,0.32,0.07,44228,49462,420,6,385,486,0.25,0.1,0.25,700,977,0.16,0.08,0.69,0.69,0.64,0.29,0.01,0.67,normal
6,udp,RSTO,160,113,1,211,167,107,73,1,171,8,7572,ldap,70899,23486,97163,59263,2,0,0,622,973,0,0.79,0.39,0.63,31241,57842,418,243,93,162,0,0.26,0.79,176,423,0.2,0.77,0.88,0.17,0.87,0.04,0.33,0.6,normal
246,icmp,SF,121,159,0,37,71,245,212,0,87,64,91123,ctf,52481,20406,27569,59388,527,1,1,195,740,0,0.01,0.01,0.01,41539,48417,93,299,386,450,0.16,0.51,0.8,599,663,0.64,0.36,0.86,0.55,0.44,0.43,0.74,0.12,normal
6,tcp,RSTR,244,76,0,100,218,27,94,0,49,139,89507,echo,21860,12329,48554,52533,486,0,1,558,89,0,0.62,0.56,0.86,11126,61675,153,293,341,314,0.55,0.82,0.99,327,740,0.31,0.39,0.71,0.81,0.62,0.89,0.93,0.55,normal
253,udp,S3,149,193,1,200,71,52,242,1,20,33,32211,red_i,60681,10397,47681,85150,629,0,0,25,787,0,0.81,0.11,0.74,40944,257,238,354,156,161,0.33,0.48,0.88,606,109,0.04,0.32,0.36,0.17,0.29,0.83,0.65,0.4,normal
4,tcp,S3,12,176,0,142,80,108,205,0,230,78,69804,other,78046,81601,14256,83017,351,0,0,138,634,0,0.06,0.42,0.01,40393,11710,259,70,246,236,0.89,0.64,0.41,235,797,0.78,0.9,0.51,0.7,0.45,0.54,0.78,0.2,shellcode-detect
63,icmp,REJ,162,223,1,23,159,248,111,0,30,116,94578,urh_i,46733,97631,31679,24163,33,0,1,851,831,0,0.58,0.81,0.41,56600,7571,295,187,115,430,0.64,0.71,0.04,655,510,0.18,0.84,0.75,0.29,0,0.6,0.32,0.55,normal
72,udp,RSTO,1,123,0,187,107,152,133,0,94,93,54483,supdup,3885,29728,64852,77826,589,0,1,434,261,0,0.78,0.84,0.78,53119,18698,379,28,278,185,0.72,0.8,0.38,948,558,0.59,0.67,0.97,0.78,0,0.52,0.11,0.1,normal
29,udp,OTH,111,172,1,129,108,103,122,1,217,123,84716,remote_job,91946,61737,46589,43203,310,0,0,85,166,0,0.33,0.23,0.79,61113,35185,447,139,347,179,0.53,0.74,0.67,440,43,0.38,0.99,0.25,0.76,0.78,0.55,0.66,0.45,suspicious-filename-detect
57,tcp,OTH,40,103,1,170,231,127,108,0,243,56,97237,whois,95146,64626,48158,72727,334,1,1,893,66,0,0.34,0.25,0.94,35925,7101,291,373,198,287,0.97,0.51,0.18,484,282,0.21,0.86,0.29,0.84,0.62,0.67,0.64,0.25,normal
115,tcp,S2,218,241,0,59,57,2,178,0,201,108,30554,Z39_50,86435,40563,72939,32299,441,0,0,948,115,0,0.43,0.09,0.81,64466,15743,234,360,240,169,0.66,0.63,0.2,554,481,0.22,0.7,0.16,0.5,0.74,0.06,0.07,0.81,normal
107,icmp,S1,70,249,1,218,168,60,17,0,21,61,10048,Z39_50,85867,15833,76785,22605,249,1,1,546,897,0,0.85,0.64,0,31432,35294,99,236,365,145,0.52,0.24,0.44,702,86,0.04,0.7,0.2,0.78,0.98,0.16,0.27,0.69,shellcode-detect
107,tcp,S1,33,167,0,184,177,162,141,0,82,122,88420,private,13041,37305,37214,43583,403,0,0,795,84,0,0.51,0.17,0.33,36457,45668,52,170,182,16,0.57,0.48,0.29,395,318,0.01,0.35,0.13,0.35,0.25,0.71,0.3,0.74,unsuccessful-user
9,tcp,S2,223,17,0,68,186,200,50,1,121,49,86196,vmnet,27579,61030,58713,60423,413,0,0,529,555,0,0.36,0.48,0.96,927,2076,282,131,60,333,0.26,0.71,0.76,354,647,0.61,0.33,0.61,0.79,0.02,0.76,0.61,0.78,normal
147,tcp,RSTOS0,181,192,0,37,56,117,149,1,127,10,74211,domain,34958,95796,31087,42442,246,1,0,23,766,0,0.24,0.95,0.43,25833,3220,120,7,216,266,0.88,0.13,0.25,911,97,0.11,0.5,0.52,0.3,0.94,0.41,0.48,0.72,normal
123,udp,RSTO,89,229,0,108,151,41,163,0,152,5,13900,other,64542,355,23073,70825,386,1,0,206,818,0,0.56,0.7,0.47,4857,5812,381,351,118,438,0.49,0.85,0.36,134,729,0.84,0.28,0.35,0.14,0.25,0.87,0.99,0.28,normal
149,icmp,OTH,192,219,1,79,119,188,131,1,20,69,92862,pm_dump,53311,27718,84236,69709,549,0,1,163,685,0,0.45,0,0.55,47708,4066,431,260,123,309,0.71,0.96,0.16,122,636,0.56,0.63,0.31,0.5,0.3,0.98,0.57,0.39,normal
95,tcp,RSTR,161,97,0,202,23,132,183,0,174,44,5369,netbios_ns,95176,17352,15071,88072,65,0,1,464,573,0,0.26,0.73,0.61,42671,56961,67,369,201,391,0.71,0.82,0.87,847,669,0.17,0.94,0.61,0.39,0.28,0.12,0.16,0.66,normal
78,tcp,S0,95,45,1,199,170,1,205,0,21,5,19063,supdup,25045,30592,98254,50183,124,1,1,334,837,0,0.46,0.37,0.81,51022,2456,449,209,133,193,0.56,0.85,0.49,672,754,0.78,0.3,0.04,0.77,0.2,0.1,0.95,0.7,normal
85,icmp,RSTOS0,228,45,1,203,134,62,172,1,153,58,97144,domain_u,84246,17681,16872,65827,639,1,0,939,288,0,0.08,0.2,0.44,62252,30688,159,17,345,470,0.26,0.33,0.88,587,147,0.2,0.37,0.02,0.28,0.2,0.81,0.88,0.52,normal
187,icmp,S3,188,214,0,181,174,202,140,0,159,15,42426,ntp_u,18331,80945,79723,74533,423,0,1,615,66,0,0.89,0.15,0.28,26271,1019,122,201,336,394,0.11,0.68,0.75,94,705,0.71,0.73,0.31,0.85,0.86,0.67,0.78,0.8,normal
199,udp,S3,126,20,0,211,40,69,76,0,231,123,86063,urh_i,76493,18586,11901,82418,469,0,1,133,491,0,0.18,0.53,0.83,65530,5621,404,292,77,210,0.1,0.41,0.93,556,542,0.26,0.86,0.79,0.11,0.49,0.15,0.44,0.41,normal
244,udp,SF,138,168,0,194,232,180,17,1,169,23,10414,kshell,39426,39217,1169,28342,378,1,0,376,55,0,0.78,0.14,0.01,10504,26491,454,346,364,90,0.35,0.31,0.35,688,229,0.11,0.38,0.96,0.8,0.89,0.54,0.19,0.07,normal
223,udp,SH,65,1,1,174,110,205,77,1,254,128,65683,finger,34606,96210,78594,70834,198,0,0,673,306,0,0.97,0.08,0.48,58337,25661,3,251,218,233,0.81,0.68,0.42,504,286,0.86,0.28,0.67,0.04,0.64,0.98,0.65,0.64,normal
62,tcp,S3,187,84,0,111,169,37,74,0,151,42,20498,ftp_data,19800,44650,29454,49410,513,0,0,100,512,0,0.49,0.76,0.29,31075,33765,487,145,173,277,0.3,0.07,0.46,640,668,0.81,0.28,0.58,0.7,0.47,0.26,0.21,0.28,trojan-activity
138,udp,SH,5,242,0,140,185,84,91,0,213,67,24473,http_2784,91643,93385,7086,95854,573,0,0,652,878,0,0.77,0.76,0.78,7909,40057,216,33,98,119,0.59,0.77,0.38,643,145,0.87,0.04,0.22,0.09,0.84,0.51,0.8,0.44,normal
115,icmp,RSTR,246,123,1,22,88,52,174,1,152,128,1574,tim_i,12242,55017,42994,45179,268,1,0,76,786,0,0.78,0.02,0.08,1405,6945,167,220,36,268,0.67,0.76,0.95,21,792,0.73,0.6,0.61,0.67,0.97,0.98,0.36,0.21,successful-admin
156,tcp,S1,199,141,0,226,57,228,57,1,205,128,82019,mtp,82305,43182,59157,97689,381,1,0,605,863,0,0.58,0.33,0.35,27226,36815,424,254,311,20,0.44,0.47,0.46,836,321,0.12,0.75,0.54,0.35,0.98,0.66,0.56,0,normal
83,udp,RSTR,87,33,0,155,86,211,8,0,61,118,13888,discard,27015,67508,45654,36228,484,1,1,767,251,0,0.77,0.99,0.23,38448,35455,417,388,300,31,0.18,0.28,0.9,142,127,0.68,0.98,0.76,0.22,0.88,0.59,0.81,0.5,trojan-activity
198,udp,RSTOS0,126,83,0,46,42,127,154,0,6,155,90224,other,83994,73987,85588,45949,37,0,1,528,703,0,0.53,0.63,0.49,7169,29223,104,360,332,380,0.19,0.28,0.5,385,13,0.48,0.12,0.36,0.08,0.47,0,0.25,0.43,rpc-portmap-decode
174,tcp,S0,138,76,0,75,145,240,95,1,138,122,96018,csnet_ns,58705,63908,60664,32898,342,0,1,649,558,0,0.6,0.43,0.61,6251,3773,190,168,41,167,0.95,0.48,0.04,649,145,0.16,0.85,0.12,0.64,0.03,0.4,0.82,0.41,normal
124,tcp,OTH,45,123,1,188,97,223,38,1,210,81,74935,smtp,54638,5263,93354,63074,395,1,0,325,239,0,0.52,0.82,0.97,18787,9982,406,98,278,399,0.63,0.66,0.05,716,502,0.98,0.43,0.76,0.07,0.46,0.86,0.38,0.17,normal
213,icmp,S3,254,148,0,190,160,88,190,0,124,81,85966,discard,3590,33744,24908,23873,114,1,1,253,873,0,0.49,0.95,0.63,62289,9006,167,109,49,372,0.27,0.08,0.44,537,437,0.96,0.76,0.92,0.84,0.68,0.92,0.71,0.51,default-login-attempt
136,tcp,SF,176,14,1,203,179,48,240,1,113,44,7500,ssh,34479,78982,1981,85371,271,1,1,57,911,0,0.96,0.75,0.28,978,23624,234,394,68,481,0.5,0.17,0.9,147,620,0.4,0.33,0.02,0.01,0.15,0.67,0.37,0.15,normal
139,icmp,RSTR,231,225,1,75,54,103,5,0,149,100,6418,red_i,80709,52006,46033,6578,320,1,0,135,751,0,0.11,0.78,0.53,27621,34692,116,74,48,332,0.93,0.37,0.9,967,33,0.92,0.66,0.37,0.3,0.36,0.38,0.79,0.55,normal
96,udp,S0,175,130,0,65,14,128,183,1,158,155,26490,http_8001,86405,95674,48692,31805,117,1,0,572,868,0,0.31,0.54,0.9,51285,26508,395,361,396,219,0.8,0.47,0.6,989,505,0.47,0.78,0.75,0.5,0.28,0.24,0.29,0.76,misc-activity
119,icmp,RSTOS0,234,102,0,32,170,98,32,0,253,70,91085,discard,80586,38813,42979,23257,297,0,1,658,381,0,0.32,0.17,0.87,9960,5247,212,370,383,22,0.63,0.72,0.76,574,6,0.75,0.14,0.87,0.41,0.02,0.51,0.08,0.16,non-standard-protocol
20,icmp,S3,186,246,1,186,34,68,253,0,17,16,26473,pop_2,7612,65464,41613,79087,664,1,0,745,144,0,0.7,0.32,0.07,58605,17924,496,310,13,73,0.29,0.07,0.06,575,810,0.43,0.67,0.36,0.02,0.31,0.3,0.78,0.15,normal
214,tcp,SH,5,238,0,165,224,82,139,0,140,91,70638,time,79174,78184,12266,87724,158,1,1,821,592,0,0.49,0.6,0.99,24744,11346,125,384,176,210,0.17,0.52,0.68,496,64,0.4,0.01,0.2,0.47,0.97,0.6,0,0.04,string-detect
243,icmp,SF,59,254,1,167,131,2,18,0,175,92,15035,pop_3,9047,10880,8019,94762,610,0,1,370,248,0,0.52,0.09,0.4,30487,34960,454,340,12,291,0.7,0.71,0.35,703,960,0.9,0.05,0.53,0.13,0.24,0.31,0.46,0.57,normal
230,udp,S1,123,210,0,243,163,24,217,0,138,52,26161,kshell,6521,58595,58792,16928,92,0,1,488,368,0,0.67,0.79,0.15,16770,51144,190,274,61,269,0.67,0.65,0.45,964,848,0.57,0.18,0.56,0.55,0.15,0.1,0.22,0.46,normal
179,tcp,REJ,85,63,1,132,167,184,101,1,231,54,45392,domain_u,97573,98760,6775,62340,625,0,0,725,490,0,0.52,0.3,0.96,52418,46440,259,137,270,48,0.61,0.33,0.51,739,87,0.38,0.76,0.14,0.78,0.88,0.65,0.03,0.08,normal
175,tcp,S2,82,91,1,248,30,143,214,0,151,137,85080,harvest,10091,94316,12092,68859,558,0,1,787,549,0,0.7,0.3,0.66,20863,62800,152,329,150,87,0.98,0.64,0.79,26,981,0.41,0.26,0.77,0.91,0.21,0.42,0.97,0.92,normal
189,tcp,REJ,4,232,0,167,237,24,11,1,46,71,76214,courier,98629,48360,31357,21802,527,1,1,732,903,0,0.37,0.9,0.26,21542,33543,445,234,219,147,0,0.37,0.39,93,348,0.57,0.31,0.4,0.22,0.23,0.17,0.12,0.6,normal
46,udp,RSTR,213,231,1,215,195,65,218,0,209,102,88976,systat,4999,86132,70237,33809,209,0,0,494,714,0,0.27,0.85,0.36,64925,1844,205,180,285,155,0.63,0.83,0.06,269,787,0.86,0.06,0.65,0.35,0.6,0.01,0.91,0.91,normal
4,udp,S1,44,137,1,51,215,147,168,1,120,60,17499,login,22857,6602,26262,94061,168,0,1,422,100,0,0,0.88,0.74,57888,30567,416,48,110,390,0.86,0.47,0.34,912,755,0.79,0.45,0.56,0.65,0.53,0.75,0.51,0.27,suspicious-filename-detect
94,icmp,SH,169,21,1,149,59,52,46,1,237,102,78235,netbios_ssn,20935,98752,33218,74789,98,0,1,685,486,0,0.45,0.23,0.1,46157,4855,371,141,128,306,0.23,0.05,0.62,383,238,0.23,0.42,0.58,0.13,0.13,0,0.74,0.33,normal
9,tcp,SF,38,123,1,62,42,241,91,1,133,137,82157,netbios_ssn,55464,51530,11873,72353,159,0,1,129,460,0,0.99,0.33,0.65,38296,300,308,386,339,457,0.22,0.93,0.27,607,400,0.04,0.46,0.24,0.62,0.44,0.83,0.99,0.9,normal
0,tcp,S0,125,240,0,138,179,223,40,1,238,84,87512,time,56882,51320,15760,49846,64,1,1,775,843,0,0.89,0.67,0.76,47429,8575,165,160,390,123,0.19,0.67,0.1,728,384,0.3,0.05,0.62,0.19,0.95,0.6,0.78,0.58,denial-of-service
180,icmp,OTH,198,210,0,78,93,109,151,0,142,130,63652,uucp_path,85608,17539,73498,96464,332,0,0,629,367,0,0.92,0.72,0.46,28765,61491,143,197,339,387,0.61,0.33,0.84,44,581,0.36,0.48,0.4,0.2,0.74,0.29,0.35,0.39,attempted-user
68,icmp,S1,178,242,0,166,240,61,47,0,86,89,60400,urh_i,78957,41256,11511,55726,608,1,1,299,51,0,0.56,0.16,0.05,4301,31985,182,95,106,407,0.68,0.92,0.45,833,345,0.8,0.59,0.4,0.1,0.87,0.94,0.04,0.35,normal
195,tcp,RSTO,74,73,0,23,51,47,150,1,147,8,31965,echo,38968,37440,81821,84420,528,1,0,360,466,0,0.58,0.46,0.95,4631,59759,86,169,23,379,0.54,0.7,0.97,295,106,0.62,0.08,0.83,0.65,0.5,0.16,0.4,0.07,unsuccessful-user
6,tcp,S0,83,240,0,13,156,8,229,0,173,38,81542,exec,22414,34634,97107,23101,463,0,0,233,613,0,0.8,0.4,0.53,28299,5566,26,190,242,420,0.36,0.38,0.16,227,595,0.4,0.65,0.68,0.73,0.62,0.18,0.23,0.7,normal
114,icmp,REJ,33,181,1,229,224,94,192,0,83,12,82074,harvest,42999,82868,34214,74491,433,0,1,724,231,0,0.88,0.2,0.1,4050,39483,146,217,300,372,0.12,0.06,0.5,101,206,0.54,0.97,0.04,0.77,0.25,0.42,0.29,0.73,successful-dos
88,icmp,SF,152,171,0,65,246,30,33,1,59,25,13148,domain_u,47239,53954,1698,73068,332,1,0,961,652,0,0.62,0.1,0.24,64434,42634,17,299,139,69,0.66,0.22,0.11,852,757,0.24,0.42,0.2,0.19,0.39,0.4,0.66,0.58,attempted-admin
120,udp,S3,202,230,0,156,201,83,18,1,218,79,64082,urp_i,2787,23046,83127,32010,428,1,0,90,710,0,0.21,0.14,0.12,26312,21639,228,213,1,471,0.87,0.65,0.13,813,224,0.49,0.57,0.31,0.36,0.26,0.09,0.53,0.88,normal
59,icmp,SF,2,98,0,0,184,73,183,1,56,6,13516,ldap,7760,28449,19239,45787,13,0,0,144,985,0,0.42,0.98,0.82,8926,39176,87,6,10,463,0.18,0.7,0.84,866,419,0.45,0.36,0,0.89,0.96,0.87,0.38,0.1,normal
176,udp,OTH,101,171,0,252,22,255,16,0,171,37,51174,echo,92430,67059,31963,84875,275,0,1,424,66,0,0.36,0.02,0.9,40893,34271,405,342,170,411,0.7,0.39,0.73,221,585,0.92,0.13,0.4,0.13,0.08,0.41,0.87,0.39,successful-recon-limited
151,udp,REJ,193,142,1,210,31,55,52,0,199,52,4364,sunrpc,32687,97932,36555,12262,405,0,1,865,560,0,0.13,0.71,0.51,33017,5705,342,384,314,455,0.22,0.66,0.12,231,633,0.2,0.7,0.79,0.21,0.61,0.15,0.06,0.41,normal
234,udp,OTH,30,201,0,99,111,16,145,1,162,69,49165,nntp,52424,25836,91898,92191,427,0,1,812,515,0,0.1,0.81,0.78,46281,45919,229,234,179,332,0.15,0.31,0.62,272,182,0.28,0.39,0.6,0.83,0.35,0.48,0.91,0.59,normal
65,tcp,OTH,136,132,1,138,21,49,7,0,51,137,70247,imap4,36956,8699,89950,65733,386,0,0,225,450,0,0.84,0.97,0.87,33469,21509,35,97,36,370,0.92,0.98,0.63,282,967,0.93,0.2,0.43,0.57,0.51,0.03,0.65,0.11,normal
157,udp,S0,37,91,1,245,206,225,147,0,78,120,67290,private,59287,34194,3011,77030,371,1,1,818,97,0,0.67,0.07,0.64,37613,7332,124,368,81,447,0.53,0.88,0.37,27,221,0.03,0.37,0.61,0.68,0.34,0.66,0.83,0.69,successful-user
175,icmp,OTH,75,179,1,244,210,99,228,0,210,23,53622,printer,30598,21381,59432,34802,492,0,0,820,942,0,0.19,0.5,0.13,745,7412,296,276,200,443,0.44,0.56,0.87,777,39,0.31,0.16,0.4,0.85,0.17,0.11,0.39,0.47,normal
229,icmp,S2,212,99,0,141,60,148,196,0,3,2,39526,nntp,58508,95103,91593,34693,610,0,1,775,21,0,0.33,0.37,0.82,12914,62283,467,96,356,318,0.85,0.45,0.36,529,562,0.04,0.14,0.81,0.18,0.79,0.84,0.65,0.66,normal
250,tcp,S3,215,228,1,75,157,205,187,1,219,118,5544,exec,71175,37849,26658,77587,555,0,0,1,145,0,0.17,0,0.35,35723,32215,366,5,344,241,0.87,0.14,0.8,659,925,0.77,0.5,0.83,0.47,0.56,0.38,0.79,0.61,normal
240,udp,REJ,252,182,1,66,203,231,100,0,209,33,98001,link,6010,49955,91235,97739,455,1,0,712,377,0,0.93,0.41,0.98,42978,64184,222,315,194,67,0.93,0.68,0.91,983,765,0.47,0.93,0.5,0.35,0.69,0,0.09,0.93,normal
78,udp,RSTOS0,59,79,1,47,133,235,209,0,240,72,47242,iso_tsap,81533,37050,77785,64001,91,1,0,403,925,0,0.45,0.63,0.7,44374,22868,45,316,200,467,0.75,0.73,0.3,324,652,0.01,0.32,0.36,0.73,0.83,0.36,0.92,0.53,normal
218,icmp,REJ,182,112,1,146,235,161,81,1,1,43,17129,mtp,3973,18593,79282,85700,197,0,1,696,569,0,0.7,0.75,0.82,29477,9518,289,14,73,137,0.82,0.17,0.58,125,478,0.71,0,0.71,0.21,0.95,0.64,0.69,0.44,normal
154,icmp,S3,157,157,1,57,57,77,221,0,212,106,42015,ntp_u,47834,49475,86091,15287,38,0,1,643,197,0,0.13,0.94,0.53,14218,57098,111,310,170,493,0.28,0.86,0.32,470,345,0.43,0.68,0.26,0.72,0.28,0.76,0.11,0.51,normal
248,icmp,S0,142,140,1,116,198,242,143,0,148,85,60215,hostnames,65868,76846,12596,15361,127,0,1,583,485,0,0.25,0.44,0.63,4806,57724,176,384,332,431,0.26,0.05,0.58,510,535,0.28,0.98,0.59,0.67,0.8,0.55,0.55,0.32,normal
228,tcp,SF,19,204,0,10,66,130,213,0,121,14,93954,tim_i,7792,46244,83817,46680,593,1,0,943,870,0,0.46,0.16,0.52,40914,30358,345,51,267,84,0.78,0.55,0.7,157,979,0.69,0.49,0.81,0.77,0.75,0.41,0.15,0.94,normal
81,tcp,RSTO,89,85,0,0,36,87,152,1,21,114,86249,ctf,75102,15550,61265,58653,648,0,0,883,550,0,0.78,0.77,0.29,51268,54253,17,27,26,300,0.75,0.31,0.47,417,651,0.65,0.22,0.14,0.3,0.17,0.32,0.37,0.09,normal
228,tcp,RSTOS0,39,102,1,145,211,60,248,0,201,106,13437,telnet,94850,34317,60961,95549,7,1,1,621,196,0,0.82,0.77,0.46,55096,12205,463,154,150,144,0.16,0.73,0.28,317,138,0.78,0.01,0.6,0.16,0.72,0.35,0.86,0.51,normal
51,udp,RSTOS0,165,190,1,204,35,209,242,0,100,47,36309,domain_u,35945,87684,39631,25186,486,1,1,217,643,0,0.22,0.83,0.35,55051,46630,334,375,197,417,0.16,0.52,0.35,938,661,0.91,0.87,0.32,0.18,0.67,0.2,0.34,0.5,successful-user
252,udp,RSTOS0,106,75,0,15,210,105,237,0,238,68,49423,imap4,71816,20767,81260,32254,93,1,0,354,899,0,0.13,0.69,0.16,26163,62438,239,79,172,488,0.15,0.13,0.71,193,877,0.9,0.53,0.31,0.21,0.46,0.94,0.26,0.76,normal
27,tcp,S2,101,77,1,93,169,35,112,0,147,48,63736,discard,34458,21361,74519,76011,654,1,1,140,47,0,0.87,0.78,0.99,43195,37996,308,60,375,472,0.66,0.52,0.86,243,928,0.52,0.38,0.48,0.12,0.36,0.61,0.64,0.01,normal
85,tcp,SH,195,6,0,28,81,194,255,0,164,78,89472,name,38676,54876,25872,55276,399,0,1,634,261,0,0.11,0.41,0.54,64161,29922,306,286,120,352,0.55,0.63,0.73,195,20,0.34,0.56,0.19,0.82,0.34,0.68,0.44,0.12,normal
2,udp,S1,238,202,1,54,183,125,15,1,206,7,62721,IRC,91925,23130,25860,68096,370,1,1,192,669,0,0.53,0.72,0.07,64398,53102,274,63,50,445,0.68,0.98,0.91,575,18,0.1,0.95,0.86,0.65,0.11,0.38,0.31,0.2,normal
77,icmp,S0,209,22,1,60,203,108,6,0,232,101,15128,urh_i,86217,31642,55561,12439,647,0,0,597,805,0,0.63,0.57,0.81,29781,46411,431,270,390,29,0.09,0.89,0.54,265,822,0.89,0.51,0.06,0.16,0.38,0.65,0.72,0.52,normal
134,icmp,SH,33,89,0,22,253,156,90,0,25,154,94474,iso_tsap,84156,83781,26424,36493,210,0,1,351,972,0,0.4,0.79,0.4,22511,18357,203,50,97,252,0.34,0.14,0.17,284,26,0.98,0.45,0.77,0.27,0.09,0.39,0.23,0.9,normal
190,icmp,S3,133,206,0,11,190,83,151,0,219,77,26626,pop_2,78923,14028,64958,44931,512,1,0,513,301,0,0.87,0.61,0.77,65460,57039,57,138,134,61,0.5,0.91,0.44,855,748,0.73,0.1,0.77,0.12,0.47,0.92,0.53,0.8,normal
63,icmp,RSTO,91,142,1,45,104,152,233,0,101,84,6630,remote_job,89580,59297,33392,3104,307,1,1,881,331,0,0.9,0.45,0.56,43096,28441,421,111,184,238,0.91,0.08,0.86,77,27,0.9,0.2,0.43,0.45,0.21,0.09,0.09,0.37,normal
55,icmp,OTH,55,111,0,153,84,104,244,1,224,140,2657,telnet,76074,90189,12763,65091,25,0,0,389,581,0,0.56,0.81,0.01,46139,59255,79,148,153,114,0.93,0.49,0.28,112,101,0.5,0.85,0.33,0.13,0.13,0.85,0.42,0.9,successful-user
184,tcp,RSTR,175,222,0,251,245,183,8,1,194,65,69310,http_2784,31074,17471,73979,24620,528,1,0,472,400,0,0.44,0.73,0.93,8066,60246,270,96,325,183,0.13,0.23,0.6,932,753,0.08,0.66,0.78,0.22,0.56,0.26,0.62,0.12,normal
174,udp,RSTR,155,138,0,71,190,168,246,1,105,10,72286,netstat,39445,26264,18389,17058,260,1,0,203,933,0,0.23,0.95,0.24,34314,42059,96,210,202,384,0.94,0.58,0.19,675,616,0.1,0.19,0.35,0.76,0.62,0.55,0.58,0.14,normal
16,tcp,REJ,1,212,1,172,160,247,206,1,66,129,10452,courier,15430,59052,23803,43972,343,0,1,189,387,0,0.78,0.23,0.06,54410,64088,207,115,209,347,0.37,0.34,0.92,876,118,0.27,0.69,0.24,0.15,0.2,0.01,0.98,0.58,normal
130,icmp,RSTOS0,174,89,1,146,241,190,245,0,48,150,36685,auth,4725,55168,53062,98584,657,0,1,728,550,0,0.74,0.12,0.12,29289,58413,123,59,47,292,0.17,0.62,0.12,862,523,0.62,0.74,0.96,0.28,0.86,0.86,0.53,0.32,non-standard-protocol
125,tcp,SH,46,183,1,104,222,6,125,0,77,128,17940,tim_i,32811,80832,58165,20342,466,0,0,237,193,0,0.57,0.58,0.78,41330,57340,359,68,100,244,0.84,0.43,0.14,61,498,0.93,0.91,0.89,0.63,0.7,0.73,0.06,0.79,normal
98,udp,RSTO,88,209,0,85,222,176,216,0,96,96,69056,ecr_i,24757,67847,46161,52477,604,0,0,65,902,0,0.74,0.69,0.61,52415,49145,21,392,108,472,0.33,0.2,0.44,664,570,0.82,0.3,0.43,0.11,0.36,0.44,0.34,0.72,normal
34,tcp,OTH,176,54,1,100,206,119,5,1,66,146,59210,http_443,42393,41512,3711,47971,217,0,1,441,793,0,0.69,0.28,0.1,9885,58754,350,48,104,277,0.25,0.67,0.39,884,721,0.01,0.4,0.23,0.19,0.05,0.45,0.59,0.73,normal
33,tcp,S3,73,183,1,91,196,91,74,0,100,70,29707,shell,70350,48401,53981,13921,133,1,1,146,443,0,0.02,0.6,0.41,1648,42511,311,131,98,150,0.98,0.04,0.36,931,330,0.87,0.16,0.57,0.43,0.2,0.72,0.6,0.55,normal
67,udp,S2,178,2,1,18,102,112,139,0,188,150,18095,netbios_ssn,83721,45325,2466,6029,559,1,0,928,506,0,0.12,0.04,0.5,9427,542,369,185,232,93,0.69,0.97,0.92,876,696,0.38,0.01,0.28,0.98,0.71,0.14,0.73,0.09,normal
84,udp,S3,117,243,1,27,236,142,94,0,145,49,18898,http_2784,45246,76501,78308,80722,59,1,1,681,763,0,0.02,0.84,0.21,27978,64466,179,301,283,237,0.28,0.37,0.55,837,110,0.83,0.49,0.11,0.28,0.64,0.07,0.81,0.64,normal
95,tcp,S2,248,205,0,205,23,60,24,1,54,46,5841,netbios_dgm,55309,42809,33256,41544,460,1,1,555,833,0,0.64,0.9,0.69,47548,2541,363,242,10,378,0.82,0.31,0.86,858,9,0.31,0.82,0.1,0.66,0.88,0.69,0.87,0.54,normal
127,tcp,RSTO,148,66,0,245,8,235,233,0,65,121,68144,red_i,92729,33018,32356,94541,273,1,1,261,990,0,0.89,0.37,0.19,44090,18343,412,206,300,250,0.5,0.65,0,64,68,0,0.33,0.85,0.45,0.75,0.96,0.48,0.54,normal
177,tcp,SH,15,158,0,233,133,113,104,1,247,85,82950,tftp_u,87742,77791,48568,70220,522,1,0,828,298,0,0.38,0.99,0.24,53514,53455,250,80,264,252,0.21,0.38,0.11,608,765,0.97,0.38,0.03,0.94,0.91,0.39,0.04,0.41,normal
140,udp,OTH,211,158,0,9,65,146,202,0,253,52,18329,pop_3,42163,16670,28405,91214,656,0,0,391,131,0,0.54,0.42,0.13,34573,62911,264,192,183,108,0.02,0.98,0.62,975,644,0.31,0.88,0.97,0.41,0.79,0.96,0.21,0.19,unusual-client-port-connection
37,icmp,S3,36,255,0,111,26,225,39,0,81,77,67670,vmnet,10765,59372,70039,38831,189,1,0,236,880,0,0.04,0.11,0.11,32129,17853,67,203,204,243,0.05,0.26,0.48,160,185,0.8,0.11,0.28,0.57,0.28,0.68,0.54,0.58,shellcode-detect
117,tcp,RSTOS0,151,63,1,100,150,129,231,0,78,113,18229,IRC,75656,24929,94665,94292,521,1,0,69,429,0,0.18,0.7,0.13,1125,59815,196,319,174,229,0.8,0.92,0.57,757,443,0.86,0.6,0.33,0.39,0.99,0.91,0.44,0.34,trojan-activity
37,icmp,SF,140,0,0,107,156,220,58,1,39,95,3730,harvest,11195,77724,73064,89966,236,1,1,153,84,0,0.83,0.18,0.29,9931,5842,161,374,151,153,0.31,0.08,0.47,158,62,0.49,0.48,0.61,0.37,0.77,0.06,0.41,0.36,normal
244,tcp,RSTR,76,59,1,16,251,170,171,0,96,126,97976,ftp,48744,45088,31196,32746,5,0,1,931,794,0,0.51,0.15,0.94,6574,30497,238,324,282,175,0.22,0.86,0.13,386,990,0.96,0.35,0.87,0.02,0.22,0.68,0.68,0.39,normal
66,tcp,RSTOS0,206,74,0,116,252,83,102,1,159,149,72976,discard,60832,96426,68334,23163,192,0,1,566,316,0,0.02,0.96,0.76,12145,46810,175,345,366,30,0.03,0.58,0.61,601,587,0.88,0.96,0.26,0.16,0.58,0.58,0.37,0.71,normal
149,tcp,S0,201,65,1,17,245,2,31,1,181,61,50456,iso_tsap,61581,13327,79671,26369,248,1,1,131,247,0,0.6,0.81,0,13028,56825,306,186,119,483,0.51,0.39,0.9,467,439,0.26,0.51,0.51,0.72,0.61,0.62,0.81,0.85,normal
51,tcp,RSTO,72,28,1,24,146,204,15,1,160,28,11299,auth,53078,73829,4295,35094,499,0,1,339,430,0,0.68,0.68,0.46,50595,24862,216,12,131,310,0.19,0.08,0.75,666,263,0.97,0.64,0.72,0.24,0.16,0.32,0.3,0.46,normal
5,icmp,RSTR,76,144,0,23,27,255,31,0,130,37,94503,bgp,38030,71028,21473,17896,696,0,1,513,776,0,0.76,0.81,0.79,64081,56852,335,185,347,275,0.85,0.76,0.36,769,122,0.51,0.07,0.64,0.33,0.35,0.54,0.51,0.65,normal
161,udp,RSTR,175,3,0,150,53,120,159,0,240,41,92509,netstat,87705,84711,90921,34863,235,1,1,18,649,0,0.59,0.16,0.44,12594,36398,76,165,250,153,0.1,0.28,0.78,892,450,0.58,0.9,0.9,0.65,0.09,0.12,0.36,0.07,normal
9,udp,SH,39,99,0,185,79,91,152,1,47,113,44701,bgp,72221,73817,69400,53053,299,0,0,20,92,0,0.31,0.23,0.24,42938,3471,96,344,123,142,0.48,0.8,0.41,555,680,0.17,0.33,0.62,0.98,0.07,0.98,0.25,0.19,normal
184,udp,S0,48,131,0,236,11,236,158,1,40,2,94800,login,26332,7385,96283,16012,569,1,0,346,553,0,0.51,0.62,0.66,19967,42137,482,234,151,182,0.41,0.17,0.6,550,808,0.63,0.76,0.55,0.48,0.85,0.19,0.39,0.67,normal
204,tcp,REJ,3,76,1,251,1,40,142,0,107,119,58981,gopher,82888,34923,18155,29998,560,1,1,851,923,0,0.3,0.82,0.92,46854,24438,317,363,71,340,0.17,0.47,0.24,951,997,0.08,0.05,0.19,0.14,0.18,0.3,0.23,0.74,normal
211,icmp,RSTOS0,47,60,0,255,255,188,126,1,131,97,11359,ctf,29001,57627,87406,52789,408,0,1,266,707,0,0.95,0.21,0.73,35981,15455,1,392,368,36,0.73,0,0.47,520,962,0.87,0.21,0.9,0.96,0.94,0.41,0,0.03,normal
221,udp,OTH,255,155,1,52,155,252,155,1,86,52,42012,hostnames,64445,59497,79405,45572,236,1,1,126,757,0,0.35,0.15,0.2,31556,28870,21,357,98,403,0.31,0.18,0.25,482,64,0.09,0.53,0.36,0.23,0.63,0.36,0.07,0.38,normal
152,udp,OTH,4,244,0,251,177,248,137,0,68,29,97550,uucp,77148,2815,50384,25947,598,0,1,410,984,0,0.32,0.41,0.06,9081,17999,55,206,284,277,0.54,0.63,0.29,810,262,0.06,0.68,0.45,0.07,0.18,0.49,0.95,0.89,normal
106,udp,S0,33,133,0,199,18,150,184,0,208,24,72432,telnet,12197,84663,82583,81261,232,0,0,839,857,1,0.65,0.8,0.49,16990,10908,39,308,4,429,0.01,0.38,0.47,238,994,0.04,0.82,0.88,0.2,0.78,0.24,0.4,0.66,normal
10,icmp,RSTOS0,242,106,0,132,76,9,99,1,246,155,15607,private,30211,33271,30922,46174,8,0,0,32,429,0,0.59,0.66,0.31,39834,36672,422,245,50,207,0.35,0.97,0.9,290,517,0.29,0.88,0.87,0.88,0.4,0.53,0.15,0.62,normal
122,tcp,SF,249,222,0,243,219,205,197,1,82,55,54505,echo,11076,18835,66000,47006,20,0,0,703,709,0,0.64,0.65,0.75,3642,6545,52,216,144,159,0.84,0.14,0.16,294,79,0.05,0.34,0.11,0.35,0.84,0.6,0.37,0.4,web-application-attack
146,tcp,OTH,231,157,1,45,13,149,204,0,195,92,62787,sql_net,5856,92807,38662,84798,44,0,0,388,124,0,0.14,0.08,0.38,14663,64087,318,305,54,244,0.51,0.73,0.13,529,707,0.77,0.95,0.34,0.88,0.56,0.26,0.39,0.12,normal
161,udp,RSTO,217,33,1,109,205,249,56,1,47,36,90106,aol,49480,61291,61997,53425,148,0,0,391,937,0,0.63,0.88,0.25,22081,39734,124,24,337,200,0.68,0.04,0.06,52,511,0.15,0.36,0.14,0.17,0.26,0.39,0.42,0.3,normal
89,icmp,REJ,137,232,1,181,36,253,48,1,185,90,21030,red_i,74431,40477,67642,8079,687,1,0,264,668,0,0.75,0.53,0.22,42289,3970,269,15,174,401,0.05,0.86,0.75,545,316,0.69,0.86,0.3,0.29,0.28,0.51,0.75,0.64,normal
83,tcp,OTH,191,6,0,115,144,100,82,1,216,2,14827,red_i,65840,88271,60961,56097,138,0,1,632,268,0,0.87,0.01,0.38,43594,10275,481,152,142,227,0.57,0.56,0.77,383,703,0.2,0.6,0.5,0.79,0.58,0.28,0.06,0.82,normal
228,udp,REJ,229,21,1,130,40,186,32,0,170,149,37214,klogin,3101,91601,24751,79625,559,0,1,945,82,0,0.24,0.52,0.94,27123,40151,235,132,117,409,0.13,0.89,0.67,295,672,0.1,0.35,0.23,0.45,0.92,0.66,0.37,0.43,normal
188,icmp,SH,147,208,0,95,59,211,124,1,73,142,29434,private,88090,48923,54514,49067,325,0,0,318,771,0,0.79,0.89,0.09,17394,20279,444,345,181,292,0.31,0.55,0.22,389,155,0.23,0.97,0.23,0.85,0.09,0.51,0.46,0.1,normal
102,tcp,S2,60,245,1,214,106,254,64,0,25,81,13368,rje,96927,52287,77210,47953,142,1,1,915,815,0,0.94,0.98,0.46,32169,15914,368,293,170,490,0.22,0.24,0.59,343,962,0.08,0.47,0.17,0.88,0.78,0.42,0.55,0.35,protocol-command-decode
32,tcp,S3,74,169,1,90,241,90,212,0,28,117,50652,harvest,85546,40940,64403,58749,269,0,1,347,54,0,0.08,0.11,0.41,29106,63006,352,170,174,490,0.43,0.81,0.46,161,161,0.05,0.72,0.64,0.64,0.37,0.3,0.28,0.8,normal
155,tcp,RSTO,54,10,1,240,211,235,46,1,177,14,37716,netstat,16445,87948,63755,21837,293,1,1,385,697,0,0.18,0.84,0.98,30455,7827,298,371,159,255,0.37,0.15,0.62,445,159,0.78,0.79,0.6,0.08,0.17,0.2,0.08,0.09,normal
94,icmp,S1,170,35,0,252,105,232,189,0,28,95,41508,harvest,3621,70491,10303,23331,290,1,0,930,245,0,0.69,0.55,0.08,38503,5759,229,32,25,366,0.74,0.46,0.37,176,200,0.02,0.19,0.36,0.51,0.5,0.2,0.19,0.46,normal
99,tcp,RSTOS0,192,143,0,110,145,79,66,1,83,80,34131,IRC,61088,37100,41730,33123,202,0,1,668,419,0,0.37,0.12,0.69,48787,54285,438,316,375,260,0.4,0.85,0.22,539,724,0.94,0.49,0.87,0.89,0.11,0.04,0.48,0.54,normal
197,tcp,RSTOS0,155,48,0,129,17,149,4,1,120,21,51679,pop_3,9597,37704,64034,43376,133,0,0,575,616,0,0.68,0.98,0.06,61696,60937,201,26,271,46,0.78,0.11,0.57,898,969,0.81,0.07,0.55,0.77,0.37,0.72,0.65,0.1,normal
161,icmp,S2,165,211,0,7,232,141,163,1,159,121,54905,netbios_dgm,31013,71613,31739,32,152,1,0,745,243,0,0.47,0.15,0.47,30485,48642,445,287,238,92,0.72,0.57,0.94,932,278,0.67,0.99,0.47,0.77,0.76,0.68,0.16,0.68,suspicious-filename-detect
179,tcp,S0,172,206,1,93,190,201,91,1,157,80,59049,ntp_u,79376,17421,65664,98975,400,1,0,582,832,0,0.49,0.36,0.87,63671,26948,240,386,242,277,0.56,0.09,0.76,383,417,0.68,0.68,0.83,0.53,0.62,0.95,0.34,0.34,protocol-command-decode
120,tcp,S2,22,164,1,143,216,192,22,1,151,67,19946,other,17920,12280,20414,64849,300,1,1,483,93,0,0.68,0.89,0.64,29233,31650,376,172,200,196,0.13,0.07,0.16,258,156,0.02,0.3,0.62,0.17,0.92,0.09,0.03,0.98,normal
241,udp,S0,162,106,0,51,202,212,229,1,201,7,218,vmnet,78962,28954,65889,42358,43,0,0,321,484,0,0.02,0.18,0.39,62836,24312,397,400,251,343,0.38,0.68,0.02,646,193,0.82,0.4,0.05,0.45,0.41,0.3,0.52,0.11,normal
117,udp,OTH,253,79,0,46,94,227,45,1,193,81,10644,smtp,78526,44032,41460,9543,232,1,0,979,355,0,0.47,0.56,0.54,39507,22745,494,250,309,338,0.6,0.38,0.75,468,437,0.05,0.18,0.71,0.39,0.47,0.5,0.14,0.18,normal
135,udp,S1,45,156,1,136,173,106,86,0,217,134,72067,login,65614,77511,79683,12350,599,0,0,786,805,0,0.61,0.05,0.16,57805,10498,421,210,342,143,0.6,0.91,0.77,97,319,0.99,0.28,0.24,0.79,0.86,0.27,0.05,0.77,normal
147,udp,REJ,91,113,1,176,247,51,161,0,190,30,32547,supdup,21978,38861,66860,48015,269,0,1,933,741,0,0.69,0.19,0.88,30922,51512,392,153,54,265,0.75,0.86,0.61,572,759,0.45,0.91,0.52,0.8,0.66,0.86,0.3,0.07,normal
159,udp,S0,62,157,1,110,16,233,151,0,228,32,66687,telnet,60555,25297,7699,78802,397,1,1,143,843,0,0.7,0.14,0.17,64625,35758,190,359,242,237,0.93,0.29,0.9,41,150,0.69,0.47,0.26,0.09,0.97,0.19,0.43,0.75,normal
237,udp,RSTOS0,177,34,1,178,110,171,116,0,130,13,70512,ecr_i,69072,93129,41666,36905,6,1,1,280,90,0,0.68,0.45,0.51,33632,7727,260,240,123,218,0.32,0.63,0.88,238,921,0.06,0.21,0.01,0.25,0.19,0.06,0.67,0.19,normal
161,tcp,S1,116,220,1,236,72,108,148,1,155,46,2940,http_443,37802,70897,70401,24929,590,1,0,251,370,0,0.71,0.52,0.53,55322,35809,260,164,362,388,0.77,0.03,0.98,891,19,0.03,0.81,0.55,0.59,0.37,0.84,0.55,0.01,normal
252,tcp,RSTO,75,117,0,75,134,214,122,0,245,38,7695,login,63970,23137,43716,21457,65,0,1,660,266,0,0.22,0.64,0.75,24004,5700,185,337,219,140,0.38,0.52,0.59,135,419,0.71,0.68,0.47,0.91,0.68,0.42,0.53,0.79,normal
83,icmp,S3,201,180,1,163,191,9,15,0,138,77,79826,pm_dump,69392,25584,12198,78836,241,0,1,979,809,0,0.57,0.59,0.77,4860,8011,322,34,13,202,0.71,0.44,0.92,152,717,0.89,0.92,0.51,0.89,0.86,0.53,0.52,0.24,normal
238,udp,OTH,72,132,0,99,227,148,45,0,238,88,5143,sunrpc,57949,54176,33424,84738,13,1,1,916,524,0,0.16,0.21,0.98,39185,63853,326,5,349,384,0.27,0.34,0.03,488,779,0.14,0.69,0.01,0.1,0.22,0.62,0.83,0.89,normal
66,udp,SH,190,163,1,161,230,163,0,0,151,106,66340,Z39_50,16727,59812,73349,55727,166,1,0,107,775,0,0.24,0.86,0.61,45242,47562,380,95,73,163,0.99,0.76,0.82,883,951,0.29,0.59,0.23,0.42,0.8,0.33,0.23,0.84,normal
71,udp,REJ,212,198,0,88,161,122,149,0,149,129,17461,rje,86938,29886,62158,53724,131,0,1,296,323,0,0.31,0.3,0.37,35165,2159,52,204,220,173,0.58,0.12,0.44,151,763,0.56,0.28,0.06,0.76,0,0.9,0.97,0.71,normal
5,udp,REJ,31,81,0,183,234,241,128,0,178,37,24929,daytime,8610,73622,78974,6254,536,0,0,124,939,0,0.27,0.47,0.52,25264,55036,269,284,96,171,0.08,0.42,0.43,625,533,0.69,0.59,0.41,0.63,0.92,0.98,0.38,0.43,normal
60,udp,RSTOS0,96,98,1,208,70,68,197,1,239,27,34302,supdup,98498,72194,62439,7946,464,0,0,83,29,0,0.18,0.82,0.19,55716,43988,466,297,298,412,0.69,0.03,0.82,612,377,0.56,0.36,0.43,0.04,0.74,0.44,0.73,0.31,attempted-recon
219,tcp,SF,187,254,1,89,122,91,158,0,92,2,66468,mtp,73682,8640,7016,79350,157,1,1,529,761,0,0.19,0.57,0.76,32008,56551,257,228,74,323,0.11,0.85,0.96,113,621,0.92,0.53,0.73,0.56,0.94,0.73,0.44,0.68,protocol-command-decode
222,icmp,SF,135,121,0,11,232,233,16,0,107,45,1937,vmnet,90984,14139,70196,49527,536,0,1,84,764,0,0.31,0.13,0.57,11973,12529,151,392,261,405,0.12,0.6,0.26,250,303,0.58,0.81,0.49,0.93,0.73,0.1,0.38,0.17,normal
203,icmp,OTH,161,198,0,8,238,135,135,1,113,142,27680,telnet,3890,70474,67141,77512,366,1,0,545,802,0,0.28,0.14,0.58,19402,50547,364,235,204,327,0.24,0.17,0.04,229,922,0.32,0.22,0.83,0.6,0.4,0.89,0.06,0.29,normal
64,icmp,RSTOS0,10,245,0,23,226,174,134,0,98,54,93950,domain,35540,24104,65994,25890,596,0,1,555,137,0,0.71,0.85,0.4,41988,28331,426,90,297,376,0.75,0.33,0.25,781,539,0.77,0.86,0.46,0.12,0.06,0.64,0.91,0.71,normal
169,udp,OTH,246,120,0,117,234,8,211,0,98,119,34107,ssh,44407,28175,25950,71792,618,0,0,22,453,0,0.11,0.1,0.3,37654,21690,256,150,115,14,0.31,0.23,0.28,860,588,0.62,0.68,0.95,0.72,0.12,0.03,0.35,0.8,normal
